{
 "cells": [
  {
   "cell_type": "code",
   "execution_count": 1,
   "id": "dae8d4df",
   "metadata": {},
   "outputs": [],
   "source": [
    "import pandas as pd\n",
    "import numpy as np\n",
    "import matplotlib.pyplot as plt\n",
    "import seaborn as sns\n",
    "plt.rcParams[\"figure.figsize\"] = (40,20)"
   ]
  },
  {
   "cell_type": "code",
   "execution_count": 2,
   "id": "bd4fdecc",
   "metadata": {},
   "outputs": [],
   "source": [
    "tv18 = pd.read_csv('Quote-Equity-TV18BRDCST-EQ-14-10-2020-to-14-10-2021.csv')\n",
    "net18 = pd.read_csv('Quote-Equity-NETWORK18-EQ-14-10-2020-to-14-10-2021.csv')"
   ]
  },
  {
   "cell_type": "code",
   "execution_count": 3,
   "id": "8fb6fd9e",
   "metadata": {},
   "outputs": [
    {
     "data": {
      "text/plain": [
       "Index(['Date ', 'series ', 'OPEN ', 'HIGH ', 'LOW ', 'PREV. CLOSE ', 'ltp ',\n",
       "       'close ', 'vwap ', '52W H ', '52W L ', 'VOLUME ', 'VALUE ',\n",
       "       'No of trades '],\n",
       "      dtype='object')"
      ]
     },
     "execution_count": 3,
     "metadata": {},
     "output_type": "execute_result"
    }
   ],
   "source": [
    "tv18.columns"
   ]
  },
  {
   "cell_type": "code",
   "execution_count": 4,
   "id": "4e7039cc",
   "metadata": {},
   "outputs": [],
   "source": [
    "tv18['Date '] = pd.to_datetime(tv18['Date '], infer_datetime_format=True)\n",
    "net18['Date '] = pd.to_datetime(net18['Date '], infer_datetime_format=True)"
   ]
  },
  {
   "cell_type": "code",
   "execution_count": 5,
   "id": "89d3784a",
   "metadata": {},
   "outputs": [],
   "source": [
    "tv18.sort_values(by = ['Date '], ascending = True)\n",
    "net18.sort_values(by = ['Date '], ascending = True)\n",
    "tv18.reset_index(drop=True, inplace =True)\n",
    "net18.reset_index(drop=True, inplace =True)"
   ]
  },
  {
   "cell_type": "code",
   "execution_count": 6,
   "id": "0a69b5ed",
   "metadata": {},
   "outputs": [
    {
     "data": {
      "text/html": [
       "<div>\n",
       "<style scoped>\n",
       "    .dataframe tbody tr th:only-of-type {\n",
       "        vertical-align: middle;\n",
       "    }\n",
       "\n",
       "    .dataframe tbody tr th {\n",
       "        vertical-align: top;\n",
       "    }\n",
       "\n",
       "    .dataframe thead th {\n",
       "        text-align: right;\n",
       "    }\n",
       "</style>\n",
       "<table border=\"1\" class=\"dataframe\">\n",
       "  <thead>\n",
       "    <tr style=\"text-align: right;\">\n",
       "      <th></th>\n",
       "      <th>OPEN</th>\n",
       "      <th>HIGH</th>\n",
       "      <th>LOW</th>\n",
       "      <th>PREV. CLOSE</th>\n",
       "      <th>ltp</th>\n",
       "      <th>close</th>\n",
       "      <th>vwap</th>\n",
       "      <th>52W H</th>\n",
       "      <th>52W L</th>\n",
       "      <th>VOLUME</th>\n",
       "      <th>No of trades</th>\n",
       "    </tr>\n",
       "  </thead>\n",
       "  <tbody>\n",
       "    <tr>\n",
       "      <th>OPEN</th>\n",
       "      <td>1.000000</td>\n",
       "      <td>0.984958</td>\n",
       "      <td>0.993212</td>\n",
       "      <td>0.998015</td>\n",
       "      <td>0.977263</td>\n",
       "      <td>0.978138</td>\n",
       "      <td>0.987750</td>\n",
       "      <td>0.792254</td>\n",
       "      <td>0.839275</td>\n",
       "      <td>0.301992</td>\n",
       "      <td>0.418703</td>\n",
       "    </tr>\n",
       "    <tr>\n",
       "      <th>HIGH</th>\n",
       "      <td>0.984958</td>\n",
       "      <td>1.000000</td>\n",
       "      <td>0.986100</td>\n",
       "      <td>0.984151</td>\n",
       "      <td>0.993764</td>\n",
       "      <td>0.994337</td>\n",
       "      <td>0.998058</td>\n",
       "      <td>0.779569</td>\n",
       "      <td>0.832249</td>\n",
       "      <td>0.428442</td>\n",
       "      <td>0.534041</td>\n",
       "    </tr>\n",
       "    <tr>\n",
       "      <th>LOW</th>\n",
       "      <td>0.993212</td>\n",
       "      <td>0.986100</td>\n",
       "      <td>1.000000</td>\n",
       "      <td>0.992726</td>\n",
       "      <td>0.986942</td>\n",
       "      <td>0.987602</td>\n",
       "      <td>0.993175</td>\n",
       "      <td>0.805127</td>\n",
       "      <td>0.852302</td>\n",
       "      <td>0.301815</td>\n",
       "      <td>0.415592</td>\n",
       "    </tr>\n",
       "    <tr>\n",
       "      <th>PREV. CLOSE</th>\n",
       "      <td>0.998015</td>\n",
       "      <td>0.984151</td>\n",
       "      <td>0.992726</td>\n",
       "      <td>1.000000</td>\n",
       "      <td>0.977067</td>\n",
       "      <td>0.977960</td>\n",
       "      <td>0.987444</td>\n",
       "      <td>0.796800</td>\n",
       "      <td>0.843282</td>\n",
       "      <td>0.292366</td>\n",
       "      <td>0.409141</td>\n",
       "    </tr>\n",
       "    <tr>\n",
       "      <th>ltp</th>\n",
       "      <td>0.977263</td>\n",
       "      <td>0.993764</td>\n",
       "      <td>0.986942</td>\n",
       "      <td>0.977067</td>\n",
       "      <td>1.000000</td>\n",
       "      <td>0.999698</td>\n",
       "      <td>0.996201</td>\n",
       "      <td>0.788132</td>\n",
       "      <td>0.840280</td>\n",
       "      <td>0.404575</td>\n",
       "      <td>0.507002</td>\n",
       "    </tr>\n",
       "    <tr>\n",
       "      <th>close</th>\n",
       "      <td>0.978138</td>\n",
       "      <td>0.994337</td>\n",
       "      <td>0.987602</td>\n",
       "      <td>0.977960</td>\n",
       "      <td>0.999698</td>\n",
       "      <td>1.000000</td>\n",
       "      <td>0.996772</td>\n",
       "      <td>0.789209</td>\n",
       "      <td>0.841282</td>\n",
       "      <td>0.404643</td>\n",
       "      <td>0.507603</td>\n",
       "    </tr>\n",
       "    <tr>\n",
       "      <th>vwap</th>\n",
       "      <td>0.987750</td>\n",
       "      <td>0.998058</td>\n",
       "      <td>0.993175</td>\n",
       "      <td>0.987444</td>\n",
       "      <td>0.996201</td>\n",
       "      <td>0.996772</td>\n",
       "      <td>1.000000</td>\n",
       "      <td>0.789661</td>\n",
       "      <td>0.840877</td>\n",
       "      <td>0.394163</td>\n",
       "      <td>0.501365</td>\n",
       "    </tr>\n",
       "    <tr>\n",
       "      <th>52W H</th>\n",
       "      <td>0.792254</td>\n",
       "      <td>0.779569</td>\n",
       "      <td>0.805127</td>\n",
       "      <td>0.796800</td>\n",
       "      <td>0.788132</td>\n",
       "      <td>0.789209</td>\n",
       "      <td>0.789661</td>\n",
       "      <td>1.000000</td>\n",
       "      <td>0.951888</td>\n",
       "      <td>0.089620</td>\n",
       "      <td>0.202243</td>\n",
       "    </tr>\n",
       "    <tr>\n",
       "      <th>52W L</th>\n",
       "      <td>0.839275</td>\n",
       "      <td>0.832249</td>\n",
       "      <td>0.852302</td>\n",
       "      <td>0.843282</td>\n",
       "      <td>0.840280</td>\n",
       "      <td>0.841282</td>\n",
       "      <td>0.840877</td>\n",
       "      <td>0.951888</td>\n",
       "      <td>1.000000</td>\n",
       "      <td>0.146165</td>\n",
       "      <td>0.271075</td>\n",
       "    </tr>\n",
       "    <tr>\n",
       "      <th>VOLUME</th>\n",
       "      <td>0.301992</td>\n",
       "      <td>0.428442</td>\n",
       "      <td>0.301815</td>\n",
       "      <td>0.292366</td>\n",
       "      <td>0.404575</td>\n",
       "      <td>0.404643</td>\n",
       "      <td>0.394163</td>\n",
       "      <td>0.089620</td>\n",
       "      <td>0.146165</td>\n",
       "      <td>1.000000</td>\n",
       "      <td>0.968894</td>\n",
       "    </tr>\n",
       "    <tr>\n",
       "      <th>No of trades</th>\n",
       "      <td>0.418703</td>\n",
       "      <td>0.534041</td>\n",
       "      <td>0.415592</td>\n",
       "      <td>0.409141</td>\n",
       "      <td>0.507002</td>\n",
       "      <td>0.507603</td>\n",
       "      <td>0.501365</td>\n",
       "      <td>0.202243</td>\n",
       "      <td>0.271075</td>\n",
       "      <td>0.968894</td>\n",
       "      <td>1.000000</td>\n",
       "    </tr>\n",
       "  </tbody>\n",
       "</table>\n",
       "</div>"
      ],
      "text/plain": [
       "                  OPEN      HIGH       LOW   PREV. CLOSE       ltp     close   \\\n",
       "OPEN           1.000000  0.984958  0.993212      0.998015  0.977263  0.978138   \n",
       "HIGH           0.984958  1.000000  0.986100      0.984151  0.993764  0.994337   \n",
       "LOW            0.993212  0.986100  1.000000      0.992726  0.986942  0.987602   \n",
       "PREV. CLOSE    0.998015  0.984151  0.992726      1.000000  0.977067  0.977960   \n",
       "ltp            0.977263  0.993764  0.986942      0.977067  1.000000  0.999698   \n",
       "close          0.978138  0.994337  0.987602      0.977960  0.999698  1.000000   \n",
       "vwap           0.987750  0.998058  0.993175      0.987444  0.996201  0.996772   \n",
       "52W H          0.792254  0.779569  0.805127      0.796800  0.788132  0.789209   \n",
       "52W L          0.839275  0.832249  0.852302      0.843282  0.840280  0.841282   \n",
       "VOLUME         0.301992  0.428442  0.301815      0.292366  0.404575  0.404643   \n",
       "No of trades   0.418703  0.534041  0.415592      0.409141  0.507002  0.507603   \n",
       "\n",
       "                  vwap     52W H     52W L    VOLUME   No of trades   \n",
       "OPEN           0.987750  0.792254  0.839275  0.301992       0.418703  \n",
       "HIGH           0.998058  0.779569  0.832249  0.428442       0.534041  \n",
       "LOW            0.993175  0.805127  0.852302  0.301815       0.415592  \n",
       "PREV. CLOSE    0.987444  0.796800  0.843282  0.292366       0.409141  \n",
       "ltp            0.996201  0.788132  0.840280  0.404575       0.507002  \n",
       "close          0.996772  0.789209  0.841282  0.404643       0.507603  \n",
       "vwap           1.000000  0.789661  0.840877  0.394163       0.501365  \n",
       "52W H          0.789661  1.000000  0.951888  0.089620       0.202243  \n",
       "52W L          0.840877  0.951888  1.000000  0.146165       0.271075  \n",
       "VOLUME         0.394163  0.089620  0.146165  1.000000       0.968894  \n",
       "No of trades   0.501365  0.202243  0.271075  0.968894       1.000000  "
      ]
     },
     "execution_count": 6,
     "metadata": {},
     "output_type": "execute_result"
    }
   ],
   "source": [
    "tv18.corr()"
   ]
  },
  {
   "cell_type": "code",
   "execution_count": 7,
   "id": "45b6ff6f",
   "metadata": {},
   "outputs": [
    {
     "data": {
      "text/html": [
       "<div>\n",
       "<style scoped>\n",
       "    .dataframe tbody tr th:only-of-type {\n",
       "        vertical-align: middle;\n",
       "    }\n",
       "\n",
       "    .dataframe tbody tr th {\n",
       "        vertical-align: top;\n",
       "    }\n",
       "\n",
       "    .dataframe thead th {\n",
       "        text-align: right;\n",
       "    }\n",
       "</style>\n",
       "<table border=\"1\" class=\"dataframe\">\n",
       "  <thead>\n",
       "    <tr style=\"text-align: right;\">\n",
       "      <th></th>\n",
       "      <th>OPEN</th>\n",
       "      <th>HIGH</th>\n",
       "      <th>LOW</th>\n",
       "      <th>PREV. CLOSE</th>\n",
       "      <th>ltp</th>\n",
       "      <th>close</th>\n",
       "      <th>vwap</th>\n",
       "      <th>52W H</th>\n",
       "      <th>52W L</th>\n",
       "      <th>VOLUME</th>\n",
       "      <th>No of trades</th>\n",
       "    </tr>\n",
       "  </thead>\n",
       "  <tbody>\n",
       "    <tr>\n",
       "      <th>OPEN</th>\n",
       "      <td>1.000000</td>\n",
       "      <td>0.984025</td>\n",
       "      <td>0.993992</td>\n",
       "      <td>0.997838</td>\n",
       "      <td>0.977453</td>\n",
       "      <td>0.977298</td>\n",
       "      <td>0.987587</td>\n",
       "      <td>0.922866</td>\n",
       "      <td>0.892840</td>\n",
       "      <td>0.301103</td>\n",
       "      <td>0.449972</td>\n",
       "    </tr>\n",
       "    <tr>\n",
       "      <th>HIGH</th>\n",
       "      <td>0.984025</td>\n",
       "      <td>1.000000</td>\n",
       "      <td>0.985524</td>\n",
       "      <td>0.983732</td>\n",
       "      <td>0.995319</td>\n",
       "      <td>0.995635</td>\n",
       "      <td>0.998211</td>\n",
       "      <td>0.933096</td>\n",
       "      <td>0.878440</td>\n",
       "      <td>0.419594</td>\n",
       "      <td>0.561251</td>\n",
       "    </tr>\n",
       "    <tr>\n",
       "      <th>LOW</th>\n",
       "      <td>0.993992</td>\n",
       "      <td>0.985524</td>\n",
       "      <td>1.000000</td>\n",
       "      <td>0.994206</td>\n",
       "      <td>0.984958</td>\n",
       "      <td>0.984703</td>\n",
       "      <td>0.992045</td>\n",
       "      <td>0.930542</td>\n",
       "      <td>0.901744</td>\n",
       "      <td>0.290511</td>\n",
       "      <td>0.438505</td>\n",
       "    </tr>\n",
       "    <tr>\n",
       "      <th>PREV. CLOSE</th>\n",
       "      <td>0.997838</td>\n",
       "      <td>0.983732</td>\n",
       "      <td>0.994206</td>\n",
       "      <td>1.000000</td>\n",
       "      <td>0.978419</td>\n",
       "      <td>0.978247</td>\n",
       "      <td>0.987987</td>\n",
       "      <td>0.925488</td>\n",
       "      <td>0.897150</td>\n",
       "      <td>0.285950</td>\n",
       "      <td>0.435721</td>\n",
       "    </tr>\n",
       "    <tr>\n",
       "      <th>ltp</th>\n",
       "      <td>0.977453</td>\n",
       "      <td>0.995319</td>\n",
       "      <td>0.984958</td>\n",
       "      <td>0.978419</td>\n",
       "      <td>1.000000</td>\n",
       "      <td>0.999755</td>\n",
       "      <td>0.996780</td>\n",
       "      <td>0.937314</td>\n",
       "      <td>0.882637</td>\n",
       "      <td>0.408112</td>\n",
       "      <td>0.547678</td>\n",
       "    </tr>\n",
       "    <tr>\n",
       "      <th>close</th>\n",
       "      <td>0.977298</td>\n",
       "      <td>0.995635</td>\n",
       "      <td>0.984703</td>\n",
       "      <td>0.978247</td>\n",
       "      <td>0.999755</td>\n",
       "      <td>1.000000</td>\n",
       "      <td>0.996892</td>\n",
       "      <td>0.937518</td>\n",
       "      <td>0.882741</td>\n",
       "      <td>0.408952</td>\n",
       "      <td>0.548958</td>\n",
       "    </tr>\n",
       "    <tr>\n",
       "      <th>vwap</th>\n",
       "      <td>0.987587</td>\n",
       "      <td>0.998211</td>\n",
       "      <td>0.992045</td>\n",
       "      <td>0.987987</td>\n",
       "      <td>0.996780</td>\n",
       "      <td>0.996892</td>\n",
       "      <td>1.000000</td>\n",
       "      <td>0.934819</td>\n",
       "      <td>0.889341</td>\n",
       "      <td>0.387796</td>\n",
       "      <td>0.530807</td>\n",
       "    </tr>\n",
       "    <tr>\n",
       "      <th>52W H</th>\n",
       "      <td>0.922866</td>\n",
       "      <td>0.933096</td>\n",
       "      <td>0.930542</td>\n",
       "      <td>0.925488</td>\n",
       "      <td>0.937314</td>\n",
       "      <td>0.937518</td>\n",
       "      <td>0.934819</td>\n",
       "      <td>1.000000</td>\n",
       "      <td>0.841198</td>\n",
       "      <td>0.279632</td>\n",
       "      <td>0.445367</td>\n",
       "    </tr>\n",
       "    <tr>\n",
       "      <th>52W L</th>\n",
       "      <td>0.892840</td>\n",
       "      <td>0.878440</td>\n",
       "      <td>0.901744</td>\n",
       "      <td>0.897150</td>\n",
       "      <td>0.882637</td>\n",
       "      <td>0.882741</td>\n",
       "      <td>0.889341</td>\n",
       "      <td>0.841198</td>\n",
       "      <td>1.000000</td>\n",
       "      <td>0.169754</td>\n",
       "      <td>0.313902</td>\n",
       "    </tr>\n",
       "    <tr>\n",
       "      <th>VOLUME</th>\n",
       "      <td>0.301103</td>\n",
       "      <td>0.419594</td>\n",
       "      <td>0.290511</td>\n",
       "      <td>0.285950</td>\n",
       "      <td>0.408112</td>\n",
       "      <td>0.408952</td>\n",
       "      <td>0.387796</td>\n",
       "      <td>0.279632</td>\n",
       "      <td>0.169754</td>\n",
       "      <td>1.000000</td>\n",
       "      <td>0.966235</td>\n",
       "    </tr>\n",
       "    <tr>\n",
       "      <th>No of trades</th>\n",
       "      <td>0.449972</td>\n",
       "      <td>0.561251</td>\n",
       "      <td>0.438505</td>\n",
       "      <td>0.435721</td>\n",
       "      <td>0.547678</td>\n",
       "      <td>0.548958</td>\n",
       "      <td>0.530807</td>\n",
       "      <td>0.445367</td>\n",
       "      <td>0.313902</td>\n",
       "      <td>0.966235</td>\n",
       "      <td>1.000000</td>\n",
       "    </tr>\n",
       "  </tbody>\n",
       "</table>\n",
       "</div>"
      ],
      "text/plain": [
       "                  OPEN      HIGH       LOW   PREV. CLOSE       ltp     close   \\\n",
       "OPEN           1.000000  0.984025  0.993992      0.997838  0.977453  0.977298   \n",
       "HIGH           0.984025  1.000000  0.985524      0.983732  0.995319  0.995635   \n",
       "LOW            0.993992  0.985524  1.000000      0.994206  0.984958  0.984703   \n",
       "PREV. CLOSE    0.997838  0.983732  0.994206      1.000000  0.978419  0.978247   \n",
       "ltp            0.977453  0.995319  0.984958      0.978419  1.000000  0.999755   \n",
       "close          0.977298  0.995635  0.984703      0.978247  0.999755  1.000000   \n",
       "vwap           0.987587  0.998211  0.992045      0.987987  0.996780  0.996892   \n",
       "52W H          0.922866  0.933096  0.930542      0.925488  0.937314  0.937518   \n",
       "52W L          0.892840  0.878440  0.901744      0.897150  0.882637  0.882741   \n",
       "VOLUME         0.301103  0.419594  0.290511      0.285950  0.408112  0.408952   \n",
       "No of trades   0.449972  0.561251  0.438505      0.435721  0.547678  0.548958   \n",
       "\n",
       "                  vwap     52W H     52W L    VOLUME   No of trades   \n",
       "OPEN           0.987587  0.922866  0.892840  0.301103       0.449972  \n",
       "HIGH           0.998211  0.933096  0.878440  0.419594       0.561251  \n",
       "LOW            0.992045  0.930542  0.901744  0.290511       0.438505  \n",
       "PREV. CLOSE    0.987987  0.925488  0.897150  0.285950       0.435721  \n",
       "ltp            0.996780  0.937314  0.882637  0.408112       0.547678  \n",
       "close          0.996892  0.937518  0.882741  0.408952       0.548958  \n",
       "vwap           1.000000  0.934819  0.889341  0.387796       0.530807  \n",
       "52W H          0.934819  1.000000  0.841198  0.279632       0.445367  \n",
       "52W L          0.889341  0.841198  1.000000  0.169754       0.313902  \n",
       "VOLUME         0.387796  0.279632  0.169754  1.000000       0.966235  \n",
       "No of trades   0.530807  0.445367  0.313902  0.966235       1.000000  "
      ]
     },
     "execution_count": 7,
     "metadata": {},
     "output_type": "execute_result"
    }
   ],
   "source": [
    "net18.corr()"
   ]
  },
  {
   "cell_type": "code",
   "execution_count": 8,
   "id": "2ff1ded2",
   "metadata": {},
   "outputs": [
    {
     "data": {
      "text/plain": [
       "OPEN             0.840807\n",
       "HIGH             0.832610\n",
       "LOW              0.839403\n",
       "PREV. CLOSE      0.840253\n",
       "ltp              0.831990\n",
       "close            0.834741\n",
       "vwap             0.836324\n",
       "52W H            0.876137\n",
       "52W L            0.997790\n",
       "VOLUME           0.733216\n",
       "No of trades     0.697036\n",
       "dtype: float64"
      ]
     },
     "execution_count": 8,
     "metadata": {},
     "output_type": "execute_result"
    }
   ],
   "source": [
    "tv18.corrwith(net18)"
   ]
  },
  {
   "cell_type": "code",
   "execution_count": 9,
   "id": "097fd661",
   "metadata": {},
   "outputs": [],
   "source": [
    "joint = pd.merge(tv18, net18, how = 'inner', on = ['Date '], suffixes=('_tv18', '_net18'))"
   ]
  },
  {
   "cell_type": "code",
   "execution_count": 10,
   "id": "c028ecd5",
   "metadata": {},
   "outputs": [
    {
     "data": {
      "text/plain": [
       "Index(['Date ', 'series _tv18', 'OPEN _tv18', 'HIGH _tv18', 'LOW _tv18',\n",
       "       'PREV. CLOSE _tv18', 'ltp _tv18', 'close _tv18', 'vwap _tv18',\n",
       "       '52W H _tv18', '52W L _tv18', 'VOLUME _tv18', 'VALUE _tv18',\n",
       "       'No of trades _tv18', 'series _net18', 'OPEN _net18', 'HIGH _net18',\n",
       "       'LOW _net18', 'PREV. CLOSE _net18', 'ltp _net18', 'close _net18',\n",
       "       'vwap _net18', '52W H _net18', '52W L _net18', 'VOLUME _net18',\n",
       "       'VALUE _net18', 'No of trades _net18'],\n",
       "      dtype='object')"
      ]
     },
     "execution_count": 10,
     "metadata": {},
     "output_type": "execute_result"
    }
   ],
   "source": [
    "joint.columns"
   ]
  },
  {
   "cell_type": "code",
   "execution_count": 11,
   "id": "f4658567",
   "metadata": {},
   "outputs": [],
   "source": [
    "joint = joint.drop(['Date ', 'series _tv18', 'series _net18'], axis=1)\n",
    "\n",
    "joint.replace(',','', regex=True, inplace=True)\n",
    "\n",
    "#joint_cols = list(set(joint.columns))\n",
    "\n",
    "#joint = scaler.fit_transform(joint)\n",
    "\n",
    "\n"
   ]
  },
  {
   "cell_type": "code",
   "execution_count": 12,
   "id": "7023e195",
   "metadata": {},
   "outputs": [
    {
     "name": "stdout",
     "output_type": "stream",
     "text": [
      "(250, 24)\n"
     ]
    }
   ],
   "source": [
    "print(joint.shape)\n"
   ]
  },
  {
   "cell_type": "code",
   "execution_count": 13,
   "id": "95ddfb8f",
   "metadata": {},
   "outputs": [],
   "source": [
    "joint['return_tv18'] = (joint['close _tv18'] - joint['close _tv18'][len(joint)-1])/joint['close _tv18'][len(joint)-1]*100\n",
    "\n",
    "joint['return_net18'] = (joint['close _net18'] - joint['close _net18'][len(joint)-1])/joint['close _net18'][len(joint)-1]*100"
   ]
  },
  {
   "cell_type": "code",
   "execution_count": 14,
   "id": "e63c678e",
   "metadata": {},
   "outputs": [
    {
     "data": {
      "text/html": [
       "<div>\n",
       "<style scoped>\n",
       "    .dataframe tbody tr th:only-of-type {\n",
       "        vertical-align: middle;\n",
       "    }\n",
       "\n",
       "    .dataframe tbody tr th {\n",
       "        vertical-align: top;\n",
       "    }\n",
       "\n",
       "    .dataframe thead th {\n",
       "        text-align: right;\n",
       "    }\n",
       "</style>\n",
       "<table border=\"1\" class=\"dataframe\">\n",
       "  <thead>\n",
       "    <tr style=\"text-align: right;\">\n",
       "      <th></th>\n",
       "      <th>OPEN _tv18</th>\n",
       "      <th>HIGH _tv18</th>\n",
       "      <th>LOW _tv18</th>\n",
       "      <th>PREV. CLOSE _tv18</th>\n",
       "      <th>ltp _tv18</th>\n",
       "      <th>close _tv18</th>\n",
       "      <th>vwap _tv18</th>\n",
       "      <th>52W H _tv18</th>\n",
       "      <th>52W L _tv18</th>\n",
       "      <th>VOLUME _tv18</th>\n",
       "      <th>...</th>\n",
       "      <th>ltp _net18</th>\n",
       "      <th>close _net18</th>\n",
       "      <th>vwap _net18</th>\n",
       "      <th>52W H _net18</th>\n",
       "      <th>52W L _net18</th>\n",
       "      <th>VOLUME _net18</th>\n",
       "      <th>VALUE _net18</th>\n",
       "      <th>No of trades _net18</th>\n",
       "      <th>return_tv18</th>\n",
       "      <th>return_net18</th>\n",
       "    </tr>\n",
       "  </thead>\n",
       "  <tbody>\n",
       "    <tr>\n",
       "      <th>0</th>\n",
       "      <td>44.30</td>\n",
       "      <td>46.40</td>\n",
       "      <td>43.10</td>\n",
       "      <td>43.85</td>\n",
       "      <td>45.15</td>\n",
       "      <td>45.65</td>\n",
       "      <td>44.93</td>\n",
       "      <td>48.95</td>\n",
       "      <td>26.25</td>\n",
       "      <td>21452930</td>\n",
       "      <td>...</td>\n",
       "      <td>78.05</td>\n",
       "      <td>78.75</td>\n",
       "      <td>75.96</td>\n",
       "      <td>81.00</td>\n",
       "      <td>32.25</td>\n",
       "      <td>11727216</td>\n",
       "      <td>890821182.20</td>\n",
       "      <td>34483</td>\n",
       "      <td>54.222973</td>\n",
       "      <td>130.938416</td>\n",
       "    </tr>\n",
       "    <tr>\n",
       "      <th>1</th>\n",
       "      <td>46.80</td>\n",
       "      <td>46.90</td>\n",
       "      <td>43.60</td>\n",
       "      <td>46.40</td>\n",
       "      <td>44.10</td>\n",
       "      <td>43.85</td>\n",
       "      <td>45.05</td>\n",
       "      <td>48.95</td>\n",
       "      <td>26.25</td>\n",
       "      <td>11900767</td>\n",
       "      <td>...</td>\n",
       "      <td>69.20</td>\n",
       "      <td>68.95</td>\n",
       "      <td>70.28</td>\n",
       "      <td>74.00</td>\n",
       "      <td>32.25</td>\n",
       "      <td>8609954</td>\n",
       "      <td>605131600.15</td>\n",
       "      <td>28209</td>\n",
       "      <td>48.141892</td>\n",
       "      <td>102.199413</td>\n",
       "    </tr>\n",
       "    <tr>\n",
       "      <th>2</th>\n",
       "      <td>42.80</td>\n",
       "      <td>47.40</td>\n",
       "      <td>42.70</td>\n",
       "      <td>43.00</td>\n",
       "      <td>46.40</td>\n",
       "      <td>46.40</td>\n",
       "      <td>45.98</td>\n",
       "      <td>48.95</td>\n",
       "      <td>26.25</td>\n",
       "      <td>51163755</td>\n",
       "      <td>...</td>\n",
       "      <td>73.25</td>\n",
       "      <td>73.25</td>\n",
       "      <td>70.47</td>\n",
       "      <td>73.25</td>\n",
       "      <td>32.25</td>\n",
       "      <td>25292531</td>\n",
       "      <td>1782443697.85</td>\n",
       "      <td>60807</td>\n",
       "      <td>56.756757</td>\n",
       "      <td>114.809384</td>\n",
       "    </tr>\n",
       "    <tr>\n",
       "      <th>3</th>\n",
       "      <td>43.40</td>\n",
       "      <td>43.60</td>\n",
       "      <td>42.65</td>\n",
       "      <td>43.10</td>\n",
       "      <td>43.00</td>\n",
       "      <td>43.00</td>\n",
       "      <td>43.17</td>\n",
       "      <td>48.95</td>\n",
       "      <td>26.25</td>\n",
       "      <td>4551678</td>\n",
       "      <td>...</td>\n",
       "      <td>61.25</td>\n",
       "      <td>61.05</td>\n",
       "      <td>61.10</td>\n",
       "      <td>63.50</td>\n",
       "      <td>32.25</td>\n",
       "      <td>960729</td>\n",
       "      <td>58701893.05</td>\n",
       "      <td>4462</td>\n",
       "      <td>45.270270</td>\n",
       "      <td>79.032258</td>\n",
       "    </tr>\n",
       "    <tr>\n",
       "      <th>4</th>\n",
       "      <td>43.80</td>\n",
       "      <td>43.80</td>\n",
       "      <td>42.75</td>\n",
       "      <td>43.50</td>\n",
       "      <td>43.15</td>\n",
       "      <td>43.10</td>\n",
       "      <td>43.15</td>\n",
       "      <td>48.95</td>\n",
       "      <td>26.25</td>\n",
       "      <td>5725341</td>\n",
       "      <td>...</td>\n",
       "      <td>61.05</td>\n",
       "      <td>61.20</td>\n",
       "      <td>61.68</td>\n",
       "      <td>63.50</td>\n",
       "      <td>32.25</td>\n",
       "      <td>1473476</td>\n",
       "      <td>90880460.40</td>\n",
       "      <td>6570</td>\n",
       "      <td>45.608108</td>\n",
       "      <td>79.472141</td>\n",
       "    </tr>\n",
       "    <tr>\n",
       "      <th>...</th>\n",
       "      <td>...</td>\n",
       "      <td>...</td>\n",
       "      <td>...</td>\n",
       "      <td>...</td>\n",
       "      <td>...</td>\n",
       "      <td>...</td>\n",
       "      <td>...</td>\n",
       "      <td>...</td>\n",
       "      <td>...</td>\n",
       "      <td>...</td>\n",
       "      <td>...</td>\n",
       "      <td>...</td>\n",
       "      <td>...</td>\n",
       "      <td>...</td>\n",
       "      <td>...</td>\n",
       "      <td>...</td>\n",
       "      <td>...</td>\n",
       "      <td>...</td>\n",
       "      <td>...</td>\n",
       "      <td>...</td>\n",
       "      <td>...</td>\n",
       "    </tr>\n",
       "    <tr>\n",
       "      <th>245</th>\n",
       "      <td>27.80</td>\n",
       "      <td>28.60</td>\n",
       "      <td>27.75</td>\n",
       "      <td>27.85</td>\n",
       "      <td>27.85</td>\n",
       "      <td>27.80</td>\n",
       "      <td>28.10</td>\n",
       "      <td>41.70</td>\n",
       "      <td>11.90</td>\n",
       "      <td>2607198</td>\n",
       "      <td>...</td>\n",
       "      <td>32.85</td>\n",
       "      <td>32.80</td>\n",
       "      <td>32.89</td>\n",
       "      <td>50.00</td>\n",
       "      <td>14.70</td>\n",
       "      <td>284902</td>\n",
       "      <td>9370293.60</td>\n",
       "      <td>907</td>\n",
       "      <td>-6.081081</td>\n",
       "      <td>-3.812317</td>\n",
       "    </tr>\n",
       "    <tr>\n",
       "      <th>246</th>\n",
       "      <td>28.55</td>\n",
       "      <td>29.05</td>\n",
       "      <td>27.70</td>\n",
       "      <td>28.55</td>\n",
       "      <td>27.80</td>\n",
       "      <td>27.85</td>\n",
       "      <td>28.30</td>\n",
       "      <td>41.70</td>\n",
       "      <td>11.90</td>\n",
       "      <td>4175863</td>\n",
       "      <td>...</td>\n",
       "      <td>32.85</td>\n",
       "      <td>32.80</td>\n",
       "      <td>33.13</td>\n",
       "      <td>50.00</td>\n",
       "      <td>14.70</td>\n",
       "      <td>493256</td>\n",
       "      <td>16340581.10</td>\n",
       "      <td>1500</td>\n",
       "      <td>-5.912162</td>\n",
       "      <td>-3.812317</td>\n",
       "    </tr>\n",
       "    <tr>\n",
       "      <th>247</th>\n",
       "      <td>28.85</td>\n",
       "      <td>29.30</td>\n",
       "      <td>28.25</td>\n",
       "      <td>28.85</td>\n",
       "      <td>28.75</td>\n",
       "      <td>28.55</td>\n",
       "      <td>28.67</td>\n",
       "      <td>41.70</td>\n",
       "      <td>11.90</td>\n",
       "      <td>3696340</td>\n",
       "      <td>...</td>\n",
       "      <td>33.45</td>\n",
       "      <td>33.10</td>\n",
       "      <td>33.22</td>\n",
       "      <td>50.00</td>\n",
       "      <td>14.70</td>\n",
       "      <td>450494</td>\n",
       "      <td>14967636.10</td>\n",
       "      <td>1653</td>\n",
       "      <td>-3.547297</td>\n",
       "      <td>-2.932551</td>\n",
       "    </tr>\n",
       "    <tr>\n",
       "      <th>248</th>\n",
       "      <td>29.65</td>\n",
       "      <td>29.85</td>\n",
       "      <td>28.75</td>\n",
       "      <td>29.60</td>\n",
       "      <td>28.90</td>\n",
       "      <td>28.85</td>\n",
       "      <td>29.15</td>\n",
       "      <td>41.70</td>\n",
       "      <td>11.90</td>\n",
       "      <td>1991430</td>\n",
       "      <td>...</td>\n",
       "      <td>33.35</td>\n",
       "      <td>33.35</td>\n",
       "      <td>33.62</td>\n",
       "      <td>50.00</td>\n",
       "      <td>14.70</td>\n",
       "      <td>447171</td>\n",
       "      <td>15033933.70</td>\n",
       "      <td>1582</td>\n",
       "      <td>-2.533784</td>\n",
       "      <td>-2.199413</td>\n",
       "    </tr>\n",
       "    <tr>\n",
       "      <th>249</th>\n",
       "      <td>29.75</td>\n",
       "      <td>30.00</td>\n",
       "      <td>29.15</td>\n",
       "      <td>29.90</td>\n",
       "      <td>29.50</td>\n",
       "      <td>29.60</td>\n",
       "      <td>29.51</td>\n",
       "      <td>41.70</td>\n",
       "      <td>11.90</td>\n",
       "      <td>2015674</td>\n",
       "      <td>...</td>\n",
       "      <td>34.00</td>\n",
       "      <td>34.10</td>\n",
       "      <td>34.37</td>\n",
       "      <td>50.00</td>\n",
       "      <td>14.70</td>\n",
       "      <td>644522</td>\n",
       "      <td>22154466.50</td>\n",
       "      <td>3525</td>\n",
       "      <td>0.000000</td>\n",
       "      <td>0.000000</td>\n",
       "    </tr>\n",
       "  </tbody>\n",
       "</table>\n",
       "<p>250 rows × 26 columns</p>\n",
       "</div>"
      ],
      "text/plain": [
       "     OPEN _tv18  HIGH _tv18  LOW _tv18  PREV. CLOSE _tv18  ltp _tv18  \\\n",
       "0         44.30       46.40      43.10              43.85      45.15   \n",
       "1         46.80       46.90      43.60              46.40      44.10   \n",
       "2         42.80       47.40      42.70              43.00      46.40   \n",
       "3         43.40       43.60      42.65              43.10      43.00   \n",
       "4         43.80       43.80      42.75              43.50      43.15   \n",
       "..          ...         ...        ...                ...        ...   \n",
       "245       27.80       28.60      27.75              27.85      27.85   \n",
       "246       28.55       29.05      27.70              28.55      27.80   \n",
       "247       28.85       29.30      28.25              28.85      28.75   \n",
       "248       29.65       29.85      28.75              29.60      28.90   \n",
       "249       29.75       30.00      29.15              29.90      29.50   \n",
       "\n",
       "     close _tv18  vwap _tv18  52W H _tv18  52W L _tv18  VOLUME _tv18  ...  \\\n",
       "0          45.65       44.93        48.95        26.25      21452930  ...   \n",
       "1          43.85       45.05        48.95        26.25      11900767  ...   \n",
       "2          46.40       45.98        48.95        26.25      51163755  ...   \n",
       "3          43.00       43.17        48.95        26.25       4551678  ...   \n",
       "4          43.10       43.15        48.95        26.25       5725341  ...   \n",
       "..           ...         ...          ...          ...           ...  ...   \n",
       "245        27.80       28.10        41.70        11.90       2607198  ...   \n",
       "246        27.85       28.30        41.70        11.90       4175863  ...   \n",
       "247        28.55       28.67        41.70        11.90       3696340  ...   \n",
       "248        28.85       29.15        41.70        11.90       1991430  ...   \n",
       "249        29.60       29.51        41.70        11.90       2015674  ...   \n",
       "\n",
       "    ltp _net18  close _net18  vwap _net18  52W H _net18  52W L _net18  \\\n",
       "0        78.05         78.75        75.96         81.00         32.25   \n",
       "1        69.20         68.95        70.28         74.00         32.25   \n",
       "2        73.25         73.25        70.47         73.25         32.25   \n",
       "3        61.25         61.05        61.10         63.50         32.25   \n",
       "4        61.05         61.20        61.68         63.50         32.25   \n",
       "..         ...           ...          ...           ...           ...   \n",
       "245      32.85         32.80        32.89         50.00         14.70   \n",
       "246      32.85         32.80        33.13         50.00         14.70   \n",
       "247      33.45         33.10        33.22         50.00         14.70   \n",
       "248      33.35         33.35        33.62         50.00         14.70   \n",
       "249      34.00         34.10        34.37         50.00         14.70   \n",
       "\n",
       "     VOLUME _net18   VALUE _net18  No of trades _net18  return_tv18  \\\n",
       "0         11727216   890821182.20                34483    54.222973   \n",
       "1          8609954   605131600.15                28209    48.141892   \n",
       "2         25292531  1782443697.85                60807    56.756757   \n",
       "3           960729    58701893.05                 4462    45.270270   \n",
       "4          1473476    90880460.40                 6570    45.608108   \n",
       "..             ...            ...                  ...          ...   \n",
       "245         284902     9370293.60                  907    -6.081081   \n",
       "246         493256    16340581.10                 1500    -5.912162   \n",
       "247         450494    14967636.10                 1653    -3.547297   \n",
       "248         447171    15033933.70                 1582    -2.533784   \n",
       "249         644522    22154466.50                 3525     0.000000   \n",
       "\n",
       "     return_net18  \n",
       "0      130.938416  \n",
       "1      102.199413  \n",
       "2      114.809384  \n",
       "3       79.032258  \n",
       "4       79.472141  \n",
       "..            ...  \n",
       "245     -3.812317  \n",
       "246     -3.812317  \n",
       "247     -2.932551  \n",
       "248     -2.199413  \n",
       "249      0.000000  \n",
       "\n",
       "[250 rows x 26 columns]"
      ]
     },
     "execution_count": 14,
     "metadata": {},
     "output_type": "execute_result"
    }
   ],
   "source": [
    "joint"
   ]
  },
  {
   "cell_type": "code",
   "execution_count": 15,
   "id": "c4c1608c",
   "metadata": {},
   "outputs": [
    {
     "data": {
      "text/plain": [
       "0      76.715443\n",
       "1      54.057522\n",
       "2      58.052627\n",
       "3      33.761988\n",
       "4      33.864033\n",
       "         ...    \n",
       "245     2.268764\n",
       "246     2.099845\n",
       "247     0.614746\n",
       "248     0.334370\n",
       "249     0.000000\n",
       "Name: return_diff, Length: 250, dtype: float64"
      ]
     },
     "execution_count": 15,
     "metadata": {},
     "output_type": "execute_result"
    }
   ],
   "source": [
    "joint['return_diff'] = joint['return_net18'] - joint['return_tv18']\n",
    "joint['return_diff']\n"
   ]
  },
  {
   "cell_type": "code",
   "execution_count": 16,
   "id": "a7601876",
   "metadata": {},
   "outputs": [],
   "source": [
    "joint['avg_net18_tv18'] = (joint['return_net18']+joint['return_tv18'])/2"
   ]
  },
  {
   "cell_type": "code",
   "execution_count": 17,
   "id": "2555c02c",
   "metadata": {},
   "outputs": [
    {
     "data": {
      "text/plain": [
       "<matplotlib.legend.Legend at 0x7fd5acbd5d30>"
      ]
     },
     "execution_count": 17,
     "metadata": {},
     "output_type": "execute_result"
    },
    {
     "data": {
